0.0140475 -0.0006421 0.874887
-0.023787 -0.00423536 0.659295
-0.0233031 -0.0178842 0.544939
0.000858107 0.011364 0.916725
-0.0153542 -0.00613115 0.831027
-0.0017566 -0.0177513 0.803553
-0.0164454 -0.0187341 0.65221
0.00644025 -0.0130208 0.867973
-0.0234789 0.0187537 0.529111
-0.0105995 -0.017112 0.759012
0.0210244 0.000897026 0.733117
0.0134206 -0.0197336 0.67553
-0.0235013 -0.00265997 0.671083
-0.00148967 -0.0014613 0.997138
-0.0113037 -0.0158843 0.773031
0.00328478 -0.0190433 0.772386
0.0162873 -0.00528934 0.819096
0.0159406 0.0181542 0.670127
0.0224034 0.0147049 0.605411
-0.00613462 0.00522526 0.957992
-0.0209802 0.0188305 0.574758
0.0222607 -0.0060888 0.687339
-0.0114375 -0.00400222 0.906497
-0.00983583 0.0154203 0.797598
-0.0155478 -0.00599472 0.828447
-0.0137951 0.0222701 0.619251
0.0105317 0.00215467 0.925767
-0.0241894 0.0224544 0.459803
0.0163517 -0.0193 0.643435
-0.0224303 0.00664407 0.680161
0.000409382 -0.0145064 0.867082
0.006011 -0.0243573 0.637475
-0.0216574 -0.0158695 0.605414
0.0211067 -0.0149679 0.628425
-0.0111593 0.0221839 0.649773
0.0128264 -0.00980244 0.83968
-0.0104907 0.00882127 0.882297
-0.00706907 -0.0243183 0.632577
0.0156596 0.0226125 0.588955
-0.0129346 0.0219979 0.63498
0.0177125 -0.00770799 0.774846
-0.0194004 -0.0130498 0.686679
0.0233061 -0.024706 0.43735
0.00427303 -0.0242582 0.647531
0.0179762 -0.00174686 0.798931
-0.00114939 0.00928806 0.943376
-0.00161641 -0.0124942 0.898858
-0.00920827 0.0205776 0.702963
0.000847903 -0.0140742 0.874254
0.012505 -0.0213825 0.652834
0.00663508 -0.0144694 0.842905
-0.0205711 0.0168826 0.61205
-0.0223162 -0.0235928 0.472429
0.00682142 0.0220142 0.688733
0.00611085 -0.0103947 0.907715
0.00155275 -0.0137368 0.878988
-0.0108395 0.0151762 0.790602
0.00504169 -0.0159395 0.82702
0.0209122 5.32534e-06 0.736097
-0.00301077 -0.0195414 0.762449
0.0170204 0.000653139 0.819765
0.0117464 -0.00351129 0.904278
-0.0127849 0.0108172 0.828471
-0.0222361 -0.000892356 0.704615
0.00900324 0.0240053 0.626974
-0.00438077 0.0138233 0.867874
-0.00781656 -0.00825351 0.917815
-0.0195411 0.0224357 0.537064
0.0115068 0.00982673 0.858083
-0.0185662 0.0116468 0.719652
0.00291534 0.00849901 0.947824
-0.0246698 0.0197411 0.491878
0.00431518 -0.015661 0.835925
0.0137012 -0.0162546 0.735618
0.0119886 -0.000965011 0.907522
0.0150879 0.0206231 0.636375
-0.0164511 0.0102679 0.774729
-0.0172087 0.0181301 0.650802
-0.000736446 0.00759681 0.962114
-0.00749896 0.0194084 0.741766
-0.0190914 0.00406362 0.768443
-0.0209288 -0.00774181 0.707042
-0.00190398 -0.0241506 0.656504
-0.0149998 0.0119831 0.779563
-0.013471 -0.00904207 0.837968
0.00573664 0.0108688 0.904186
-0.0178498 -0.0150527 0.688659
-0.0129892 0.0139814 0.782165
0.0227326 0.00925396 0.65463
0.0216823 0.00863484 0.683424
0.00373576 0.0169954 0.812981
-0.0240594 0.0178558 0.530286
-0.00172492 0.000518085 0.997867
0.0103085 -0.00129242 0.930509
-0.0206689 -0.011254 0.681405
0.0137078 0.0173106 0.71718
0.0240877 -0.00122548 0.658995
0.00422508 0.00862552 0.940621
0.00566232 0.00664943 0.950802
0.0167673 0.00801168 0.79061
0.0116288 0.00752477 0.879718
0.00448942 -0.011627 0.90133
0.00953199 -0.0068585 0.912417
-0.00982182 0.0225602 0.653776
0.0162893 -0.00348246 0.827691
0.00632945 0.0059708 0.951165
0.0152911 -0.00141495 0.851977
0.0185559 -0.00694014 0.763606
0.0187772 -0.00250141 0.780409
0.0244334 -0.00335193 0.646168
0.0100415 -2.57352e-05 0.934964
-0.0129064 0.0216134 0.64343
0.000647023 0.00192954 0.997277
0.0164156 -0.0230466 0.570164
-0.022187 -0.0144843 0.612638
0.0245782 -0.0226094 0.450539
0.00869327 -0.0241411 0.62606
0.00289328 0.000863949 0.994013
-0.0182025 -0.0137472 0.700485
0.0085899 0.00267253 0.947684
0.0240876 0.0204476 0.49258
0.0101253 -0.00202283 0.931383
-0.0162483 0.0164775 0.693725
0.022732 -0.0247845 0.444998
-0.00387095 0.017176 0.808853
0.0245057 0.00787683 0.622969
-0.0168442 0.0190249 0.640923
-0.0118919 -0.0108657 0.84049
0.0116967 -0.00293621 0.907214
-0.0207349 0.0247619 0.475687
-0.0039357 -0.00114591 0.988984
-0.00868293 -0.0147053 0.821457
-0.00274898 -0.020332 0.745633
0.00617518 0.0244707 0.633843
-0.000453852 0.023342 0.67805
0.0116701 -0.0051561 0.896885
0.0161006 -0.0133665 0.742862
0.0176272 -0.0205524 0.601235
-0.0226809 0.0136336 0.612429
-0.00734423 0.0101003 0.901411
0.000609921 -0.0121255 0.905807
0.0179791 0.0151942 0.684304
-0.0182103 0.0182437 0.632504
0.0188793 0.000312301 0.781387
-0.00915271 -0.0180644 0.7554
0.0196203 0.0193968 0.589411
-0.00223651 -0.0130267 0.889093
0.0180206 0.0158472 0.673883
-0.0130634 -0.0056308 0.872957
-0.024857 0.01222 0.579176
0.012977 -0.0237739 0.595928
-0.00866371 -0.0116446 0.868705
-0.0163713 0.0170582 0.682222
-0.00795001 -0.00367661 0.950424
-0.0212251 0.0206134 0.541503
-0.0242869 -0.000336016 0.654605
-0.0197119 0.0218338 0.545386
-0.00413326 0.00383733 0.979245
0.00221537 -0.00147042 0.995356
0.0027585 -0.0192049 0.770517
0.0135534 -0.0120138 0.801902
0.0191163 0.0202246 0.583617
-0.00144053 0.000886031 0.998119
-0.0218336 0.0212388 0.520583
0.000184369 -0.00342021 0.992299
0.00844485 -0.00200199 0.951219
0.0241662 -0.0106493 0.609694
0.0160578 0.0213217 0.609449
0.0080513 -0.0206358 0.711179
0.015195 0.0103367 0.796014
0.00352696 0.0195902 0.759686
-0.0219162 -0.0225107 0.497678
-0.00890683 0.0168028 0.781954
-0.0247059 -0.0198859 0.489106
-0.0228187 -0.021633 0.496991
0.00410529 -0.0132471 0.87865
-0.0158571 0.0219316 0.600117
0.0172566 0.0172321 0.665055
-0.0112584 0.0115404 0.84025
-0.0150912 -0.00325235 0.850795
0.0145704 -0.0123077 0.782279
0.0123702 0.0195879 0.691163
-0.00685331 -0.0184959 0.76545
0.00387725 -0.00911747 0.936863
8.27065e-05 -0.00742227 0.96414
0.00721695 -0.0230975 0.660935
-0.0103554 0.0165594 0.77182
-0.0155029 -0.024037 0.561245
-0.0245326 0.0111105 0.597066
0.010012 0.0146587 0.808594
-0.0141774 -0.00586826 0.853253
-0.000459227 0.00660145 0.971437
-0.0201154 0.0224538 0.527786
0.0167903 -0.0106704 0.764162
0.0232966 0.0151363 0.581394
-0.000341495 -0.00507344 0.983074
-0.00040371 0.012905 0.893873
0.0063743 -0.000275702 0.97343
-0.0220631 0.00984573 0.664743
-0.00264859 0.0120761 0.902591
0.0159944 0.0113205 0.770916
0.0151886 -0.0177354 0.688694
-0.00302644 -0.00355523 0.985738
0.00584315 -0.0128309 0.875168
0.0202871 0.0140498 0.656638
0.0137181 0.000806298 0.880321
-0.00979396 -0.00223549 0.934989
0.00310045 0.0243601 0.648693
0.0101536 -0.00391626 0.92414
0.0232484 0.0042764 0.672285
0.00763861 -0.00787466 0.923273
0.0194887 -0.0167514 0.633996
-0.0198528 0.00562285 0.744401
0.0204106 0.0224193 0.52374
0.0155313 0.000828395 0.848288
-0.00626003 0.00964923 0.915807
-0.0202228 -0.00505663 0.739234
-0.0248018 0.0188597 0.501685
0.0155654 0.0169354 0.696823
0.0143745 -0.0196513 0.664798
0.000578289 -0.00059981 0.999543
0.00317981 -0.0204871 0.740882
0.00446048 -0.00814181 0.944472
0.0131469 -0.0193368 0.686714
-0.000879726 -0.0175709 0.808475
0.00340803 0.0228306 0.685382
0.0239017 -0.00722681 0.641694
-0.0187542 -0.00127598 0.783283
0.0198399 -0.0172301 0.620334
-0.0145598 0.00922281 0.818566
0.0228897 0.00783985 0.661672
0.0195955 0.00355639 0.759465
-0.0121936 -0.0129922 0.807784
-0.000680346 -0.00214944 0.996659
0.0115871 0.00496789 0.899201
-0.0132587 0.00898729 0.84182
0.0124513 -0.00178523 0.89918
0.01225 -0.020055 0.683168
0.015342 -0.0114402 0.780656
0.00851898 -0.0049452 0.937669
0.00792332 0.0116074 0.876401
0.0144582 -0.0166149 0.718731
0.00517444 0.0224456 0.687691
-0.0049321 -0.011577 0.899557
0.00178888 -0.0221477 0.705611
-0.0103561 -0.0123197 0.840694
0.00217902 -0.00429726 0.98481
-0.00837827 0.0212309 0.695521
-0.00098066 -0.0170374 0.819139
-0.0209366 -0.00393753 0.728053
-0.00110188 0.01386 0.87761
0.00669511 -0.0119834 0.881608
-0.019769 -0.00717335 0.73644
0.0249314 0.0212572 0.464796
0.0128126 -0.00948505 0.84336
-0.00566546 -0.0213129 0.711552
-0.000600656 -0.00791957 0.959012
0.0219402 -0.00853033 0.678433
0.00683602 0.0210592 0.710379
0.0138552 0.0103556 0.817712
0.0169827 -0.0101151 0.766599
0.0249579 -0.0166003 0.528196
-0.0136993 -0.0196877 0.672902
-0.0153104 0.0218088 0.609845
-0.0143474 0.010348 0.809944
-0.0083678 -0.0197647 0.727448
-0.022933 -0.00524581 0.675762
0.0240764 -0.000841248 0.659622
-0.00169345 -0.00214186 0.995104
0.00762605 -0.00851245 0.916949
0.0165096 0.022698 0.57595
-0.0100947 0.00812053 0.894273
0.0141429 0.00943843 0.823185
0.0220887 -0.0169688 0.581699
-0.0102326 -0.0147728 0.804265
-0.0190734 0.0153469 0.662273
0.00135083 -0.00153315 0.997256
-0.0139407 0.0157436 0.740763
0.00127631 0.00723992 0.964832
-0.0201791 -0.0159251 0.633326
-0.0179235 0.0208247 0.591694
-0.0086463 0.00662666 0.924276
-0.00939305 0.0162722 0.787044
-0.0207488 0.0104442 0.687884
0.00871965 -0.0121453 0.861094
0.0211602 0.024189 0.479927
-0.00902408 0.0205565 0.70501
-0.0023513 -0.0133802 0.883076
-0.0192115 0.0044197 0.764332
-0.0117094 0.00901423 0.864201
-0.023057 0.0133568 0.607491
0.0215019 -0.00138802 0.721469
0.0151203 -0.00963528 0.804864
0.00396862 0.00861268 0.942068
-0.00593092 -0.00876164 0.928409
-0.0129714 -0.0213955 0.647249
0.00284006 -0.0119888 0.903263
0.0129386 -0.00310283 0.887784
-0.0168898 0.0150794 0.704927
-0.00614311 -0.0117549 0.889065
-0.0114307 -0.00948297 0.862961
0.0130611 -0.00383761 0.882862
-0.0247328 -0.00805895 0.616263
-0.00869164 -0.0232735 0.646536
0.000185199 -0.0166494 0.827312
-0.00614258 0.0156374 0.825832
0.0109122 -0.00111201 0.922721
-0.0110054 -0.00696713 0.893019
0.0170112 0.000493187 0.820049
-0.00901185 0.0226883 0.657597
-0.0181496 0.0237127 0.533129
-0.0230679 0.009541 0.644574
0.00651432 0.0131336 0.865656
0.00996005 -0.0227409 0.648478
0.0174587 0.00235263 0.808221
-0.0217513 0.00310876 0.711965
0.0207206 -0.00136986 0.739588
-0.00149387 0.00433048 0.986257
-0.00650703 -0.00947954 0.91589
0.0170588 0.00502289 0.805699
0.0168922 0.00361383 0.815496
0.0176759 0.0204735 0.60194
-0.0116104 0.0218017 0.653543
-0.015184 -0.0116949 0.78016
-0.0158082 0.0116322 0.770381
0.0132696 0.0110497 0.818457
-0.0150821 0.00675776 0.831392
0.0221689 0.0119425 0.642125
-0.0113242 -0.0148806 0.789746
0.0183483 0.00753498 0.763465
0.0162023 -0.00738938 0.806293
-0.0174531 0.00327467 0.805574
0.0140184 -0.0140284 0.766564
-0.00152574 -0.0121669 0.904019
-0.0161682 -0.0109176 0.772569
-0.0161752 0.00438098 0.826
-0.00393473 0.00560165 0.969534
-0.0243943 9.42544e-05 0.651952
-0.0141078 0.0077045 0.840352
-0.00240417 -0.0240268 0.658656
0.000854763 -0.0216786 0.717884
-0.0197712 -0.00143329 0.7609
-0.0103666 0.0129318 0.831686
0.0245834 0.00426087 0.639482
0.00733531 -0.0022686 0.961706
0.0188499 0.0141689 0.682782
-0.0196522 0.00456071 0.754148
0.0124275 -0.000887242 0.900968
-0.0032982 0.00960611 0.933664
-0.00801284 0.0122652 0.86621
-0.00160851 -0.00685696 0.9677
0.00404522 0.0110365 0.911868
0.00173151 0.00495049 0.982013
-0.0113126 -0.0144085 0.797554
0.0225575 0.00776226 0.669944
0.0136893 -0.00785314 0.845854
0.0237157 -0.00699261 0.647598
-0.0188808 -0.00922313 0.738398
0.0152241 -0.0244309 0.556195
0.014333 0.0117493 0.793291
0.00426651 0.0189907 0.769739
-0.0179828 -0.0181666 0.637572
0.0207906 0.0155152 0.6273
0.00142673 -0.0209132 0.735088
-0.00793535 0.000261507 0.959036
-0.0246947 0.0121896 0.583196
0.0118979 -0.00611137 0.88724
-0.00264285 0.0151976 0.850886
-0.000971484 -0.0236605 0.669863
0.0120727 0.00630672 0.883276
-0.00279502 -0.000570376 0.994655
0.0094173 -0.0188349 0.737529
-0.0245063 0.0173783 0.527617
0.0106414 -0.00590781 0.905994
0.01778 -0.0183155 0.6384
-0.00536466 0.0242709 0.642722
0.0213488 -0.0102399 0.676906
0.00518068 -0.0240685 0.648531
0.0130342 0.0124679 0.80344
0.00144542 0.0157389 0.843637
-0.0109984 0.00306792 0.916586
0.0240578 0.0144885 0.572885
0.0136859 -0.00558922 0.863234
0.0234394 -0.0179909 0.540752
-0.014319 -0.00154916 0.869076
-0.00255116 0.00482556 0.980537
0.0132385 -0.0213958 0.644125
-0.0189372 0.00350464 0.773901
-0.01897 -0.0161369 0.652629
-0.00241465 0.00564912 0.975382
-0.020743 -0.0241942 0.486156
-0.0153718 -0.00837275 0.812876
0.00973913 0.0164254 0.780757
-0.0240417 0.00900034 0.626135
-0.0161702 -0.0198981 0.635082
0.0220884 0.011757 0.645809
0.000292778 0.0147634 0.862586
-0.0143056 -0.0028493 0.866038
0.0241429 0.0200577 0.497341
0.0215021 -0.00918903 0.682907
-0.0233839 -0.00562908 0.663082
-0.00246793 0.0115342 0.911074
0.0124475 0.0047769 0.887658
0.0227427 -0.02207 0.491147
0.0182021 0.0124543 0.717054
-0.0191955 1.63247e-05 0.774592
-0.00528272 -0.0247362 0.631572
-0.0173245 0.0120366 0.738496
0.0211258 0.00617254 0.712966
0.00669097 0.0189207 0.757756
-0.0227168 0.018095 0.553384
0.00929619 0.01377 0.830646
0.0230186 0.0133562 0.608328
-0.00805902 0.0184487 0.757273
0.013366 0.00606471 0.865229
-0.00488686 -0.021301 0.715712
-0.0136017 -0.00129973 0.881658
0.0103844 -0.016346 0.775363
0.0133403 0.00790431 0.850936
-0.00948776 -0.0181563 0.75042
0.0239177 -0.0155605 0.563064
0.0158637 0.00587566 0.823444
-0.00254126 0.00418536 0.984319
-0.0186576 -0.0143605 0.683771
0.0101072 0.0194573 0.718219
-0.00904489 0.001458 0.94571
-0.0162458 0.0153722 0.711239
-0.0185674 0.0171003 0.64499
0.00668893 0.0248966 0.620597
-0.00148601 0.0136203 0.881048
-0.000267993 -0.0136127 0.882414
-0.0113166 -0.00289895 0.912774
-0.0195765 -0.0211119 0.560489
-0.0219621 0.000171438 0.711505
0.022561 -0.0231243 0.476508
-0.0211585 0.0190104 0.568696
0.0131442 0.0102684 0.829654
0.0028769 -0.0245557 0.644364
-0.0197759 -0.00571662 0.745551
-0.0136981 0.0163993 0.733201
0.00418249 0.0201693 0.744388
0.000688996 0.0171363 0.817425
0.015791 -0.00509526 0.829479
-0.000346486 -0.0166858 0.826552
0.00072358 -0.0025364 0.995429
0.00946134 0.0139821 0.825534
0.024037 0.00178918 0.659523
-0.00393917 0.00910086 0.936754
-0.0135711 0.0168926 0.726423
0.014671 0.0246284 0.558364
0.0128164 -0.0010694 0.894698
-0.00313641 0.00713337 0.960608
0.0116703 0.022507 0.637547
-0.0217088 -0.0121689 0.64962
0.0138753 0.0142978 0.764624
-0.0234866 0.0049834 0.663611
-0.0062197 0.00946343 0.91831
0.024704 0.0246211 0.416263
0.0124571 -0.0219499 0.641324
-0.00367983 0.00411353 0.980116
-0.0149596 -0.0243718 0.560593
0.0107832 -0.0241668 0.608493
0.00473403 0.00121557 0.984362
-0.0120168 0.0161367 0.759948
-0.0192786 0.0150246 0.663007
-0.0172037 -0.0128429 0.730575
0.0139385 -0.0200926 0.661902
-0.0157258 -0.020777 0.624663
0.0160457 0.0200748 0.63357
-0.0207998 -0.0129876 0.659387
-0.0213628 0.00100539 0.725156
0.00625652 -0.0179394 0.780823
-0.0105721 0.017473 0.75255
-0.004825 0.0152247 0.841289
-0.0203246 0.0160936 0.628162
-0.0200256 -0.0181359 0.602893
-0.0183841 -0.00535671 0.777127
0.0201822 0.00529672 0.738916
-0.0176839 0.00188107 0.804696
-0.0146477 -0.0172349 0.705326
-0.00461203 -0.0127373 0.884122
-0.00975217 0.0170849 0.76843
-0.0215508 0.0246927 0.464781
0.0167583 -0.0191319 0.640329
0.0229533 0.00608374 0.671035
-0.0202693 0.00577541 0.734401
0.00945446 -0.0163478 0.785057
0.0171963 0.00475938 0.80436
-0.017254 0.0142263 0.710999
0.0137879 0.018482 0.694758
0.024415 -0.0024655 0.648832
-0.0196732 -0.0070927 0.739061
0.016173 0.0244947 0.543287
-0.017698 0.0201315 0.607838
-0.00800903 0.0192811 0.740523
-0.0242228 0.00268734 0.653148
-0.00795555 0.0110241 0.884017
-0.0165113 -0.00890946 0.787352
-0.0136835 -0.0109501 0.813376
-0.0228792 -0.0179084 0.552913
-0.00665251 -0.00162805 0.969441
-0.0123293 -0.000700664 0.902647
0.0131862 0.00577081 0.870095
0.0241416 -0.0181874 0.524092
0.00966373 -0.011343 0.862122
-0.0170167 0.00558956 0.803316
0.0214649 0.0135158 0.6394
0.00926467 0.00714983 0.913024
0.0213849 0.0203597 0.542918
0.0190628 -0.0174569 0.630695
0.0166139 -0.0017456 0.826369
0.00897207 -0.0112513 0.870867
0.0183528 0.014444 0.688239
0.00622496 -0.0192172 0.754534
-0.00183675 -0.0113093 0.915907
0.0172036 0.00155149 0.815036
-0.0131615 -0.00379789 0.881436
-0.0174876 -0.0227661 0.561097
-0.00295043 0.00836399 0.949144
-0.0152959 -0.0161456 0.71405
-0.0233451 -0.0186774 0.532801
-0.00777803 -0.0154969 0.815902
0.00826971 -0.0106155 0.886311
0.0118296 0.00713832 0.880215
-0.00941698 -0.000924884 0.942134
0.00286526 0.00355701 0.986348
0.0212351 -0.0161613 0.6097
0.0209292 0.0151565 0.629438
0.016385 -0.0125425 0.74895
0.00696921 -0.0191005 0.752075
-0.00401603 -0.00890056 0.938649
-0.0193047 0.0233898 0.522761
-0.0134683 -0.00143408 0.883652
0.00305055 0.00863154 0.945878
-0.0114063 -0.00267161 0.912268
0.0220507 -0.022419 0.497011
0.014893 0.0245944 0.556547
0.023943 -0.0244335 0.431761
0.0140373 -0.00109448 0.87461
-0.0162131 0.00629853 0.814151
-0.0215386 0.00281426 0.717768
0.014242 -0.0205067 0.649814
0.00636433 -0.0147694 0.839724
-0.0107065 0.0207061 0.686208
-0.0213302 -0.0178327 0.583671
-0.018585 -0.00277665 0.783745
-0.0145685 -0.00691358 0.839104
-0.00232088 0.00869446 0.947631
-0.00958456 -0.0217555 0.67389
-0.00474039 0.00296885 0.979576
-0.0186099 -0.0080157 0.754346
-0.00651104 0.0248885 0.621768
-0.0156597 -0.0105728 0.785395
-0.00701874 0.00126981 0.966874
-0.0246908 0.018792 0.504823
-0.0167686 -0.00185775 0.823117
0.000790474 -0.00359473 0.991112
-0.004597 -0.00661143 0.958035
-0.016528 0.00353201 0.822912
0.00856503 -0.00936187 0.898443
0.00994243 -0.0135586 0.82701
-0.0217839 0.020148 0.539317
-0.00946851 -0.0151386 0.806281
0.00880162 -0.00273689 0.945127
-0.0225982 -0.00911268 0.658853
0.010788 0.0215822 0.666578
0.0138842 -0.000155562 0.877888
-0.0105222 0.022792 0.642291
-0.0155217 0.0248287 0.54409
-0.0205113 -0.0233546 0.505176
0.0178441 0.0185244 0.633804
-0.021215 -0.00847457 0.695117
-0.0122195 0.0183228 0.717614
-0.0236913 -0.0157852 0.565025
-0.0148687 0.0207233 0.637334
0.00286434 0.0189825 0.775013
0.0201968 0.0181451 0.59968
0.00290602 -0.0143087 0.865799
-0.0145392 0.0204368 0.647331
0.01824 0.00163241 0.793636
-0.0236727 -0.000990837 0.669544
-0.0241243 -0.0127277 0.590729
-0.00626454 -0.000978754 0.973763
0.0119026 -0.0206798 0.674229
-0.0111848 -0.0216561 0.66104
0.0215586 -0.00507254 0.708907
0.0138898 0.0062772 0.855225
-0.00999345 0.0208129 0.690811
-0.011306 0.0071276 0.887612
-0.00381836 0.00164489 0.988672
-0.0159235 0.01711 0.688372
-0.0195211 0.0108272 0.709621
-0.0161705 -0.00795641 0.8022
0.00644039 -0.0196669 0.743556
-0.0211939 -0.0240422 0.48209
0.014449 0.00608184 0.847207
-0.00913297 -0.0233317 0.641772
-0.0135795 0.013186 0.785402
0.000768593 0.0126642 0.897414
-0.00729406 -0.0235061 0.650747
-0.00343913 -0.0183165 0.78726
-0.0103456 0.0114695 0.852528
0.0230291 -0.0170679 0.561713
0.00979862 -0.0128409 0.839507
-0.00599794 0.0101787 0.911277
-0.0188747 -0.0125466 0.703068
0.0223288 0.000170381 0.70275
0.0240828 -0.000582489 0.659621
0.00345694 0.00138312 0.990907
-0.00957244 -0.0109332 0.868522
0.0107995 -0.0223355 0.649913
0.00887888 -0.000636733 0.948677
0.0209107 0.0240621 0.486058
-0.000533257 0.00878607 0.949798
-0.00899666 0.00828125 0.905405
-0.0233306 -0.0150631 0.58158
0.00489593 0.0225057 0.687544
-0.0137061 0.0206965 0.652792
0.0197931 -0.00550618 0.746345
0.0131371 -0.0245188 0.57761
0.017243 0.0236346 0.547161
0.0178892 -0.0170139 0.658021
0.022013 0.012332 0.641335
-0.00655303 0.0150138 0.834103
-0.0219686 -0.00617105 0.693672
-0.0162141 0.0233167 0.567297
0.0146168 -0.0170192 0.70951
-0.00826429 -0.00779936 0.91787
0.0222221 0.00545595 0.691587
-0.00898706 -0.0248912 0.605946
-0.00847194 -0.0240831 0.629041
0.013609 -0.0231726 0.602143
-0.0184543 -0.0145245 0.685262
0.0170534 0.0165797 0.678981
-0.0114242 0.0138497 0.804965
0.0145742 0.0189884 0.674677
-0.00679764 0.00500447 0.953969
0.00567025 0.0215946 0.705067
-0.0139649 0.00730082 0.846113
-0.0140481 -0.018212 0.696256
-0.01227 0.0233042 0.613774
0.00138544 -0.00224463 0.99543
-0.0117736 0.0110453 0.83985
-0.0245105 -0.0211122 0.474745
0.0209543 0.00137333 0.734213
-0.0167303 -0.012199 0.747231
0.019251 -0.00305317 0.768649
0.00785886 -0.00873776 0.912358
0.0140297 0.0100947 0.817902
-0.013554 0.0172824 0.719769
-0.0236797 0.020931 0.49275
0.0189799 0.00156935 0.778006
-0.00555024 0.016828 0.80722
-0.00490533 -0.00665609 0.955801
-0.0137372 0.00524216 0.864546
0.0247508 0.0123752 0.580093
-0.0152101 -0.0216221 0.614921
-0.00153437 -0.012026 0.906115
0.021938 0.0188779 0.556476
0.000117262 -0.0210066 0.733911
-0.0158419 -0.0176072 0.681154
0.0167291 0.0190294 0.64261
-0.00360764 -0.00639272 0.965013
-0.0249063 -0.00676172 0.619953
-0.019528 -0.0249273 0.489905
0.00131851 0.015121 0.855225
-0.0117988 -0.00910319 0.862026
-0.00943099 0.00626074 0.918376
0.00963894 0.0111374 0.865119
0.0240106 -0.0100843 0.618187
0.00248647 0.00381207 0.986442
-0.00706168 -0.0155314 0.821096
0.00107876 0.0184884 0.789183
-0.00684195 -0.0148705 0.834454
-0.0231213 -0.0037308 0.677313
0.0190552 -0.00114206 0.776973
-0.00133969 -0.0188974 0.780126
-0.0150389 0.00543685 0.841106
-0.0224215 0.0122548 0.633337
-0.0216416 -0.00657281 0.698832
0.0116921 0.0110292 0.84115
0.00701666 -0.0187016 0.760058
-0.00198454 0.00679764 0.967361
0.00239669 0.0162939 0.831093
-0.0223957 -0.0124142 0.63219
-0.0109576 -0.00802813 0.884208
-0.0124763 -0.0123442 0.813055
0.00357619 0.000670138 0.991313
-0.0221995 -0.0231086 0.482717
0.0234925 -0.0162904 0.562688
-0.0137213 0.0185552 0.694274
0.000900375 0.00137753 0.998219
0.0137923 -0.0202663 0.660325
8.0279e-05 -0.0237223 0.668744
-0.0011564 0.00174596 0.997118
-0.0102665 -0.0167572 0.769163
-0.00756309 0.00126472 0.961773
-0.0131068 -0.0164516 0.740375
-0.00336423 0.000868724 0.992077
0.0160235 0.0106186 0.778517
0.00702799 -0.0106129 0.89767
-0.0173119 0.022401 0.57074
-0.000315374 -0.0069469 0.968484
-0.0118432 -0.000868888 0.909782
0.0139612 -0.0190326 0.682104
0.0166178 0.00210421 0.825541
-0.0214595 0.000785963 0.723082
0.00759589 0.0232168 0.65565
-0.00656862 0.0150266 0.833764
0.0170437 -0.00893421 0.777163
-0.00790102 0.00134062 0.958294
-0.0133133 -0.0104763 0.824683
0.00366604 0.00289552 0.985722
0.00987959 0.012721 0.840374
0.0186331 0.0232298 0.535671
0.00403429 -0.00524547 0.971512
-0.00468627 -0.0237785 0.657752
0.00637171 -0.0102018 0.908191
-0.00687359 0.0182946 0.76943
-0.0130632 -0.000152138 0.891427
-0.013274 -0.0201967 0.668162
-0.000250513 0.00477022 0.985054
-0.0225059 -0.00402622 0.691078
-0.0201073 -0.0161046 0.63211
0.00533003 0.0169251 0.806616
0.0040801 0.0169275 0.812872
-0.020119 -0.0237784 0.503289
0.0167351 -0.0190557 0.642048
-0.00619029 -0.00325633 0.968189
-0.00721941 -0.00684451 0.936554
0.01201 -0.00776905 0.872136
0.0104677 -0.0216057 0.669151
-0.0210714 -0.0183757 0.580201
-0.0166499 -0.00272648 0.823281
-0.00486348 -0.0130011 0.878612
0.0235481 -0.0235013 0.45379
0.0233185 -0.0120287 0.615925
0.0244023 -0.00708597 0.630434
0.0109988 -0.0225054 0.644229
-0.0195647 0.00173909 0.764978
0.0160287 -0.000135586 0.839312
-0.0224892 0.00104391 0.698406
0.00612167 -0.0122328 0.882272
0.0208514 -0.0195764 0.565102
-0.00161763 -0.015569 0.846511
-0.00424854 0.0243205 0.646072
0.00612584 -0.0101998 0.910074
-0.00985198 -0.00681415 0.908973
-0.00261435 -0.00810014 0.953085
-0.0142109 0.0202435 0.65542
-0.00560183 0.00456917 0.96608
-0.0233935 0.015896 0.56982
-0.0135645 0.0045748 0.871145
0.0107273 -0.0191267 0.718648
-0.000569253 -0.0063065 0.973828
0.00529948 0.00240354 0.977896
-0.00261044 -0.00677772 0.965704
0.0102114 -0.00256208 0.928766
-0.0243334 0.00601402 0.638044
-0.00240237 -0.00787409 0.956061
-0.0150664 -0.00211708 0.854667
-0.011551 -0.00217327 0.911653
-0.0180716 0.0231176 0.545928
-0.00468626 -0.021778 0.705583
0.0158722 -0.0179182 0.675298
-0.0227218 -0.000942326 0.692883
0.0178382 -0.00337996 0.79737
-0.0048366 0.00285625 0.979402
0.0128542 -0.0108317 0.827282
0.0162532 0.0104125 0.776721
0.0241863 0.0242176 0.431367
-0.0248697 -0.0228064 0.442343
-0.00662684 0.00723156 0.938274
-0.00893598 -0.00334016 0.941336
-0.0202566 -0.0219774 0.534118
0.0156603 0.0228648 0.58377
0.00208042 -0.00221051 0.993952
-0.00304322 -0.0204198 0.742816
0.000659168 0.00435835 0.987266
0.000504311 0.00469968 0.985366
0.00603235 0.00979114 0.915805
0.0155063 -0.0180502 0.678457
0.00116844 0.0116832 0.911758
-0.0167428 0.00660284 0.80202
-0.00950726 -0.0135157 0.832417
0.00726589 -0.0235069 0.650907
0.00441625 -0.0022867 0.983824
-0.00345151 -0.00276298 0.987204
-0.0161874 0.00266184 0.832397
-0.00805898 0.0190923 0.744062
-0.0159732 -0.0120123 0.762832
0.0182921 -0.0104637 0.737963
-0.0138867 -0.0131534 0.781284
-0.00720654 0.0102344 0.900954
-0.010567 -0.00740543 0.895003
0.0228726 -0.0226818 0.478777
0.00311422 0.0151465 0.850291
-0.0115959 0.0121449 0.827702
0.0157228 -0.00795278 0.810368
-0.0194429 0.0215213 0.555295
0.00529052 0.022888 0.676628
0.00403823 -0.0125201 0.89038
0.00752416 -0.00308405 0.957148
-0.00046998 0.00673952 0.97024
-0.00764483 -0.0124713 0.866519
0.00663824 0.00840316 0.926755
0.0116224 0.00762032 0.878958
0.0179119 0.0178951 0.643276
-0.0121452 -0.00854309 0.86286
-0.021356 -0.00546218 0.711634
0.0121899 -0.0101318 0.845155
-0.00703238 -0.00495974 0.952188
0.0164344 2.83258e-05 0.831524
-0.0135343 -0.0121202 0.800781
0.0217599 -0.0189981 0.557915
-0.0225907 0.0180306 0.556754
-0.00765826 0.0175239 0.778952
-0.0169416 0.00302614 0.816623
0.012792 0.00182706 0.893791
0.0162211 0.00811375 0.799915
-0.0222878 0.00712872 0.68045
-0.00616533 0.00541604 0.956464
0.0179166 -0.0247867 0.514771
-0.0184752 0.0105263 0.733715
0.00479502 -0.0085113 0.93866
0.0106451 0.00106738 0.926394
0.00509341 0.00539664 0.964288
-0.00435032 -0.0181592 0.786839
0.00348502 0.0191312 0.769805
-0.0239882 -0.00184995 0.660642
0.0057887 0.01435 0.850858
0.0185693 0.0244917 0.511852
0.00849509 0.00357622 0.945187
0.0188958 0.00445506 0.770923
0.0101384 0.00436345 0.922074
0.0210913 -0.00414432 0.723714
-0.0241822 -0.0142435 0.57299
0.0245721 -0.00698446 0.626889
-0.00923482 -0.00461124 0.93166
0.00285318 -0.00512442 0.977555
0.0211281 0.0157415 0.617599
0.018442 0.00211061 0.788455
-0.00863197 0.02206 0.674929
-0.000501743 -0.0149927 0.858383
-0.0158643 -0.0131001 0.750485
-0.00200522 0.0106166 0.92502
0.00822998 0.0237291 0.639178
0.02 -0.000850879 0.756467
0.0126779 -0.024441 0.584107
-0.00158266 -0.0084945 0.951624
-0.00546918 -0.014967 0.842182
0.0085019 0.0197608 0.726427
-0.0161613 0.00362481 0.829575
-0.000774167 -0.0216719 0.718103
-0.00692105 -0.0132589 0.860545
-0.00527106 -0.00910615 0.92912
-0.0108645 -0.0222434 0.651331
-0.000928564 -0.0163116 0.833429
0.0187826 0.0160526 0.657264
-0.0169764 0.000104367 0.820867
-0.000651497 0.0139979 0.875726
-0.0124225 0.0204777 0.672569
0.0153469 -0.0164931 0.707551
-0.0210464 -0.00454389 0.72308
0.0127237 -0.0186442 0.705335
0.0102819 -0.00468793 0.918461
-0.0231678 0.014945 0.586459
0.00952014 0.0112184 0.86538
0.00433525 0.0181113 0.787895
-0.0106358 -0.00874393 0.881268
-0.0232397 -0.00953848 0.640635
-0.000177926 -0.0205194 0.745082
-0.0120332 0.020732 0.671703
0.0172704 -0.00281415 0.810744
-0.010486 -0.0236538 0.622984
-0.00965192 0.00865354 0.894194
0.0161301 -0.0173066 0.681846
-0.00519036 -0.0191204 0.762541
-0.0179025 0.00731871 0.774096
-0.0133382 -0.00409461 0.877233
0.017655 -0.0163535 0.672444
-0.0147854 -0.01957 0.660809
-0.0143876 -0.00478645 0.856212
0.0208905 0.0203799 0.551172
0.0238761 -0.00435708 0.656651
-0.0227959 -0.0248314 0.44318
-0.0197202 -0.0247838 0.489973
0.010654 -0.000597577 0.926752
0.0119571 0.0160187 0.762738
-0.0212318 -0.021235 0.530941
0.0242495 0.0137749 0.576755
0.0242052 -0.022111 0.464929
-0.0179891 0.00697473 0.7749
0.010117 0.00535699 0.916465
0.00353713 -0.0230273 0.680224
0.00150815 0.00921617 0.943629
-0.0172308 0.0121987 0.738221
0.000362494 -0.0141994 0.872443
-0.0145466 -0.00036453 0.866396
0.0223338 -0.00987566 0.658414
-0.00321632 -0.0241489 0.653645
0.000602773 -0.0129315 0.893333
0.00756315 0.024026 0.636582
-0.0207044 -0.000406634 0.740792
-0.000186583 0.011293 0.918154
0.00586902 0.00324092 0.970748
-0.0138352 -0.00527038 0.862756
0.0128947 0.0168579 0.736071
0.0231993 -0.00531355 0.669054
0.0136269 -0.00854345 0.840458
0.0103991 0.0022419 0.927276
0.00126321 -0.01165 0.912102
0.0099841 0.00192166 0.933418
-0.0230184 0.00574155 0.671289
-0.00411859 0.00373246 0.979837
-0.01152 -0.0155102 0.776839
-0.00130103 -0.00880271 0.948732
-0.0111434 0.0199626 0.697259
-0.018456 0.0188971 0.617404
-0.0124174 -0.0137874 0.792978
0.00039079 -0.012525 0.899838
-0.00244113 -0.012681 0.893987
0.0203798 0.0219208 0.53314
0.0184664 0.0150635 0.677443
0.0227568 0.00407194 0.684908
0.0160401 -0.0216037 0.60415
0.0124556 -0.00255731 0.89713
-0.0219017 0.0162334 0.595606
-0.0144152 0.0133692 0.770148
-0.00228122 -0.00180519 0.994444
-0.0233866 0.0227461 0.468987
-0.00970404 0.0166903 0.776262
0.012983 0.0192665 0.690118
-0.00984569 0.00129805 0.936388
0.0150367 0.00752843 0.8261
-0.0224432 0.00325428 0.695146
-0.0190253 0.00527756 0.764101
-0.0241327 0.0189434 0.513683
0.00569677 0.00517346 0.961637
0.0151373 0.00932876 0.807732
-6.99496e-05 0.00927639 0.944331
0.00345131 -0.00831112 0.947698
0.015415 0.0186408 0.669211
-0.0208238 0.00464624 0.727693
-0.00734596 -0.0091472 0.912621
0.000601044 -0.0125097 0.899953
0.0023113 -0.00117121 0.99559
0.0152134 0.0118812 0.777335
-0.022383 -0.0221199 0.496468
-0.00258359 0.0213201 0.72345
0.0245822 0.0106714 0.599799
-0.0203662 -0.0174622 0.607172
-0.0102373 -0.0090067 0.883476
0.00881852 -0.0130122 0.847299
-0.0173792 0.000361406 0.812716
-0.00623652 0.0168147 0.803152
-0.0171804 -0.0156145 0.691926
0.00328761 -0.0209226 0.730635
-0.0234791 -0.0197557 0.514356
0.0246901 -0.0231917 0.439433
0.00390497 -0.0206062 0.735684
-0.00920722 -0.0230063 0.648718
0.019737 0.00505676 0.749922
0.0189957 -0.0207164 0.576872
-0.0232404 0.000757061 0.680381
-0.0230787 -0.00937911 0.645657
0.0136964 -0.0186748 0.692356
0.0143342 -0.0122812 0.786362
0.0233684 0.0246586 0.437176
-0.0027241 0.0217091 0.714012
-0.00886503 -0.01537 0.808292
0.0199279 -0.00970594 0.712293
0.00912852 0.014985 0.812354
-0.0208085 0.0131708 0.657034
-0.00142607 0.010622 0.926158
0.012173 -0.00282872 0.900554
-0.0151948 0.00112169 0.854153
-0.00010968 0.0210863 0.732068
0.00361767 -0.0174063 0.80526
-0.0138548 0.0205236 0.654408
0.00701749 -0.0105268 0.898866
0.00632356 0.00810993 0.932294
-0.00170722 -0.00913776 0.944145
0.000449669 0.0129349 0.893373
-0.0233611 0.0225669 0.47236
-0.00644862 -0.000758347 0.972494
0.0127473 -0.0128453 0.802256
-0.0158257 -0.0191732 0.65352
-0.0124497 -0.015266 0.769136
-0.0118529 0.00476913 0.896532
-0.0112421 0.0204725 0.685646
-0.00479778 0.00688601 0.954481
-0.0172041 -0.00133868 0.815356
-0.00119895 0.0194836 0.767562
-0.0123757 -0.0219991 0.64116
0.0107124 0.00763143 0.891101
-0.00256899 -0.00125578 0.99463
0.0145663 -0.0235249 0.583451
0.0191921 0.0165206 0.642858
-0.00205876 -0.0213244 0.724512
